accuracy = 0.9401709401709402
auprc = 0.9334539044588441
auroc = 0.9415584415584416
eval_loss = 0.38946753703203285
f1_score = 0.933914306463326
fn = 4
fp = 3
mcc = 0.8679939926895891
tn = 37
tp = 73
