accuracy = 0.9230769230769231
auprc = 0.9837251327922056
auroc = 0.9686688311688312
eval_loss = 0.3740938398987055
f1_score = 0.9140057166190282
fn = 4
fp = 5
mcc = 0.8281766860861415
tn = 35
tp = 73
